-27 -4 52
27 -6 51
49 4 31
49 6 28
-29 -72 31
34 -68 34
-24 -58 60
18 -60 62
-44 -34 42
49 -30 44
-47 -64 -2
53 -58 -5

-32 21 48
16 40 46
-6 58 21
6 58 21
-9 46 -4
9 44 -5
-11 -50 32
7 -56 29
-47 -60 30
50 -59 26
-58 -37 -3
58 -31 -3
-61 -10 -19
61 -6 -17

-6 24 41
6 25 43
-22 11 53
24 11 53
-43 23 33
45 24 34
-37 46 15
36 54 6
-33 19 -6
31 24 -6
-7 -71 44
8 -70 46
-48 -48 48
40 -55 45
-56 -50 -17
59 -40 -15

-9 9 37
9 10 39
-10 -1 69
11 -1 70
-46 -3 50
52 1 45
-53 8 1
55 9 3
-30 40 29
29 44 26
-37 9 -1
40 12 -2
-15 -33 40
14 -30 40
-61 -30 26
61 -35 32
-53 -58 8
56 -50 8

-4 -16 56
5 -15 56
-26 -31 60
26 -29 60
-54 -12 33
54 -9 33
-38 -14 11
40 -11 11
-59 -15 5
60 -9 3


-36 -84 6
41 -79 6
-16 -90 23
22 -87 24
-2 -85 10
5 -83 12
-11 -81 -10
13 -77 -8
-27 -62 -11
28 -57 -12















